{
 "cells": [
  {
   "cell_type": "markdown",
   "metadata": {
    "collapsed": true
   },
   "source": [
    "使用逻辑回归(Logistic Regression)对鸢尾花数据（多分类问题）进行预测，可以直接使用sklearn中的LR方法，并尝试使用不同的参数，包括正则化的方法，正则项系数，求解优化器，以及将二分类模型转化为多分类模型的方法。\n",
    "获取鸢尾花数据的方法：\n",
    "from sklearn.datasets import load_iris\n",
    "X, y = load_iris(return_X_y=True)"
   ]
  },
  {
   "cell_type": "code",
   "execution_count": 1,
   "metadata": {},
   "outputs": [],
   "source": [
    "from sklearn.datasets import load_iris \n",
    "X,y=load_iris(return_X_y=True)\n"
   ]
  },
  {
   "cell_type": "code",
   "execution_count": 3,
   "metadata": {},
   "outputs": [
    {
     "data": {
      "text/plain": [
       "(array([[5.1, 3.5, 1.4, 0.2],\n        [4.9, 3. , 1.4, 0.2],\n        [4.7, 3.2, 1.3, 0.2],\n        [4.6, 3.1, 1.5, 0.2],\n        [5. , 3.6, 1.4, 0.2],\n        [5.4, 3.9, 1.7, 0.4],\n        [4.6, 3.4, 1.4, 0.3],\n        [5. , 3.4, 1.5, 0.2],\n        [4.4, 2.9, 1.4, 0.2],\n        [4.9, 3.1, 1.5, 0.1],\n        [5.4, 3.7, 1.5, 0.2],\n        [4.8, 3.4, 1.6, 0.2],\n        [4.8, 3. , 1.4, 0.1],\n        [4.3, 3. , 1.1, 0.1],\n        [5.8, 4. , 1.2, 0.2],\n        [5.7, 4.4, 1.5, 0.4],\n        [5.4, 3.9, 1.3, 0.4],\n        [5.1, 3.5, 1.4, 0.3],\n        [5.7, 3.8, 1.7, 0.3],\n        [5.1, 3.8, 1.5, 0.3],\n        [5.4, 3.4, 1.7, 0.2],\n        [5.1, 3.7, 1.5, 0.4],\n        [4.6, 3.6, 1. , 0.2],\n        [5.1, 3.3, 1.7, 0.5],\n        [4.8, 3.4, 1.9, 0.2],\n        [5. , 3. , 1.6, 0.2],\n        [5. , 3.4, 1.6, 0.4],\n        [5.2, 3.5, 1.5, 0.2],\n        [5.2, 3.4, 1.4, 0.2],\n        [4.7, 3.2, 1.6, 0.2],\n        [4.8, 3.1, 1.6, 0.2],\n        [5.4, 3.4, 1.5, 0.4],\n        [5.2, 4.1, 1.5, 0.1],\n        [5.5, 4.2, 1.4, 0.2],\n        [4.9, 3.1, 1.5, 0.2],\n        [5. , 3.2, 1.2, 0.2],\n        [5.5, 3.5, 1.3, 0.2],\n        [4.9, 3.6, 1.4, 0.1],\n        [4.4, 3. , 1.3, 0.2],\n        [5.1, 3.4, 1.5, 0.2],\n        [5. , 3.5, 1.3, 0.3],\n        [4.5, 2.3, 1.3, 0.3],\n        [4.4, 3.2, 1.3, 0.2],\n        [5. , 3.5, 1.6, 0.6],\n        [5.1, 3.8, 1.9, 0.4],\n        [4.8, 3. , 1.4, 0.3],\n        [5.1, 3.8, 1.6, 0.2],\n        [4.6, 3.2, 1.4, 0.2],\n        [5.3, 3.7, 1.5, 0.2],\n        [5. , 3.3, 1.4, 0.2],\n        [7. , 3.2, 4.7, 1.4],\n        [6.4, 3.2, 4.5, 1.5],\n        [6.9, 3.1, 4.9, 1.5],\n        [5.5, 2.3, 4. , 1.3],\n        [6.5, 2.8, 4.6, 1.5],\n        [5.7, 2.8, 4.5, 1.3],\n        [6.3, 3.3, 4.7, 1.6],\n        [4.9, 2.4, 3.3, 1. ],\n        [6.6, 2.9, 4.6, 1.3],\n        [5.2, 2.7, 3.9, 1.4],\n        [5. , 2. , 3.5, 1. ],\n        [5.9, 3. , 4.2, 1.5],\n        [6. , 2.2, 4. , 1. ],\n        [6.1, 2.9, 4.7, 1.4],\n        [5.6, 2.9, 3.6, 1.3],\n        [6.7, 3.1, 4.4, 1.4],\n        [5.6, 3. , 4.5, 1.5],\n        [5.8, 2.7, 4.1, 1. ],\n        [6.2, 2.2, 4.5, 1.5],\n        [5.6, 2.5, 3.9, 1.1],\n        [5.9, 3.2, 4.8, 1.8],\n        [6.1, 2.8, 4. , 1.3],\n        [6.3, 2.5, 4.9, 1.5],\n        [6.1, 2.8, 4.7, 1.2],\n        [6.4, 2.9, 4.3, 1.3],\n        [6.6, 3. , 4.4, 1.4],\n        [6.8, 2.8, 4.8, 1.4],\n        [6.7, 3. , 5. , 1.7],\n        [6. , 2.9, 4.5, 1.5],\n        [5.7, 2.6, 3.5, 1. ],\n        [5.5, 2.4, 3.8, 1.1],\n        [5.5, 2.4, 3.7, 1. ],\n        [5.8, 2.7, 3.9, 1.2],\n        [6. , 2.7, 5.1, 1.6],\n        [5.4, 3. , 4.5, 1.5],\n        [6. , 3.4, 4.5, 1.6],\n        [6.7, 3.1, 4.7, 1.5],\n        [6.3, 2.3, 4.4, 1.3],\n        [5.6, 3. , 4.1, 1.3],\n        [5.5, 2.5, 4. , 1.3],\n        [5.5, 2.6, 4.4, 1.2],\n        [6.1, 3. , 4.6, 1.4],\n        [5.8, 2.6, 4. , 1.2],\n        [5. , 2.3, 3.3, 1. ],\n        [5.6, 2.7, 4.2, 1.3],\n        [5.7, 3. , 4.2, 1.2],\n        [5.7, 2.9, 4.2, 1.3],\n        [6.2, 2.9, 4.3, 1.3],\n        [5.1, 2.5, 3. , 1.1],\n        [5.7, 2.8, 4.1, 1.3],\n        [6.3, 3.3, 6. , 2.5],\n        [5.8, 2.7, 5.1, 1.9],\n        [7.1, 3. , 5.9, 2.1],\n        [6.3, 2.9, 5.6, 1.8],\n        [6.5, 3. , 5.8, 2.2],\n        [7.6, 3. , 6.6, 2.1],\n        [4.9, 2.5, 4.5, 1.7],\n        [7.3, 2.9, 6.3, 1.8],\n        [6.7, 2.5, 5.8, 1.8],\n        [7.2, 3.6, 6.1, 2.5],\n        [6.5, 3.2, 5.1, 2. ],\n        [6.4, 2.7, 5.3, 1.9],\n        [6.8, 3. , 5.5, 2.1],\n        [5.7, 2.5, 5. , 2. ],\n        [5.8, 2.8, 5.1, 2.4],\n        [6.4, 3.2, 5.3, 2.3],\n        [6.5, 3. , 5.5, 1.8],\n        [7.7, 3.8, 6.7, 2.2],\n        [7.7, 2.6, 6.9, 2.3],\n        [6. , 2.2, 5. , 1.5],\n        [6.9, 3.2, 5.7, 2.3],\n        [5.6, 2.8, 4.9, 2. ],\n        [7.7, 2.8, 6.7, 2. ],\n        [6.3, 2.7, 4.9, 1.8],\n        [6.7, 3.3, 5.7, 2.1],\n        [7.2, 3.2, 6. , 1.8],\n        [6.2, 2.8, 4.8, 1.8],\n        [6.1, 3. , 4.9, 1.8],\n        [6.4, 2.8, 5.6, 2.1],\n        [7.2, 3. , 5.8, 1.6],\n        [7.4, 2.8, 6.1, 1.9],\n        [7.9, 3.8, 6.4, 2. ],\n        [6.4, 2.8, 5.6, 2.2],\n        [6.3, 2.8, 5.1, 1.5],\n        [6.1, 2.6, 5.6, 1.4],\n        [7.7, 3. , 6.1, 2.3],\n        [6.3, 3.4, 5.6, 2.4],\n        [6.4, 3.1, 5.5, 1.8],\n        [6. , 3. , 4.8, 1.8],\n        [6.9, 3.1, 5.4, 2.1],\n        [6.7, 3.1, 5.6, 2.4],\n        [6.9, 3.1, 5.1, 2.3],\n        [5.8, 2.7, 5.1, 1.9],\n        [6.8, 3.2, 5.9, 2.3],\n        [6.7, 3.3, 5.7, 2.5],\n        [6.7, 3. , 5.2, 2.3],\n        [6.3, 2.5, 5. , 1.9],\n        [6.5, 3. , 5.2, 2. ],\n        [6.2, 3.4, 5.4, 2.3],\n        [5.9, 3. , 5.1, 1.8]]),\n array([0, 0, 0, 0, 0, 0, 0, 0, 0, 0, 0, 0, 0, 0, 0, 0, 0, 0, 0, 0, 0, 0,\n        0, 0, 0, 0, 0, 0, 0, 0, 0, 0, 0, 0, 0, 0, 0, 0, 0, 0, 0, 0, 0, 0,\n        0, 0, 0, 0, 0, 0, 1, 1, 1, 1, 1, 1, 1, 1, 1, 1, 1, 1, 1, 1, 1, 1,\n        1, 1, 1, 1, 1, 1, 1, 1, 1, 1, 1, 1, 1, 1, 1, 1, 1, 1, 1, 1, 1, 1,\n        1, 1, 1, 1, 1, 1, 1, 1, 1, 1, 1, 1, 2, 2, 2, 2, 2, 2, 2, 2, 2, 2,\n        2, 2, 2, 2, 2, 2, 2, 2, 2, 2, 2, 2, 2, 2, 2, 2, 2, 2, 2, 2, 2, 2,\n        2, 2, 2, 2, 2, 2, 2, 2, 2, 2, 2, 2, 2, 2, 2, 2, 2, 2]))"
      ]
     },
     "execution_count": 3,
     "metadata": {},
     "output_type": "execute_result"
    }
   ],
   "source": [
    "X,y"
   ]
  },
  {
   "cell_type": "code",
   "execution_count": 8,
   "metadata": {},
   "outputs": [
    {
     "name": "stdout",
     "output_type": "stream",
     "text": [
      "(150, 4)\n"
     ]
    }
   ],
   "source": [
    "print(X.shape)"
   ]
  },
  {
   "cell_type": "code",
   "execution_count": 9,
   "metadata": {},
   "outputs": [
    {
     "name": "stdout",
     "output_type": "stream",
     "text": [
      "(150,)\n"
     ]
    }
   ],
   "source": [
    "print(y.shape)"
   ]
  },
  {
   "cell_type": "code",
   "execution_count": 10,
   "metadata": {},
   "outputs": [
    {
     "data": {
      "text/plain": [
       "DecisionTreeClassifier(class_weight=None, criterion='gini', max_depth=3,\n            max_features=None, max_leaf_nodes=None,\n            min_impurity_decrease=0.0, min_impurity_split=None,\n            min_samples_leaf=1, min_samples_split=2,\n            min_weight_fraction_leaf=0.0, presort=False, random_state=None,\n            splitter='best')"
      ]
     },
     "execution_count": 10,
     "metadata": {},
     "output_type": "execute_result"
    }
   ],
   "source": [
    "# 模型训练\n",
    "from sklearn import tree\n",
    "clf=tree.DecisionTreeClassifier(max_depth=3)\n",
    "clf.fit(X,y)"
   ]
  },
  {
   "cell_type": "code",
   "execution_count": 11,
   "metadata": {},
   "outputs": [
    {
     "name": "stdout",
     "output_type": "stream",
     "text": [
      "类别是 [0]\n"
     ]
    }
   ],
   "source": [
    "# 输出所属分类\n",
    "\n",
    "print('类别是',y[clf.predict([\n",
    "    [7,7,7,7]\n",
    "],[0])])"
   ]
  },
  {
   "cell_type": "markdown",
   "metadata": {},
   "source": [
    "使用sklearn的LR 方法"
   ]
  },
  {
   "cell_type": "code",
   "execution_count": 12,
   "metadata": {},
   "outputs": [],
   "source": [
    "import numpy as np\n",
    "from sklearn.model_selection import train_test_split\n",
    "from sklearn.linear_model import LogisticRegression"
   ]
  },
  {
   "cell_type": "code",
   "execution_count": 13,
   "metadata": {},
   "outputs": [],
   "source": [
    "# 切分数据集 测试集占20%  random_state 随机种子可以随意指定\n",
    "# stratify 根据与分层\n",
    "x_train,x_test,y_train,y_test=train_test_split(X,y,test_size=0.2,random_state=0,stratify=y)"
   ]
  },
  {
   "cell_type": "code",
   "execution_count": 14,
   "metadata": {},
   "outputs": [
    {
     "name": "stderr",
     "output_type": "stream",
     "text": [
      "/Users/crq/anaconda3/lib/python3.6/site-packages/sklearn/linear_model/logistic.py:433: FutureWarning: Default solver will be changed to 'lbfgs' in 0.22. Specify a solver to silence this warning.\n  FutureWarning)\n/Users/crq/anaconda3/lib/python3.6/site-packages/sklearn/linear_model/logistic.py:460: FutureWarning: Default multi_class will be changed to 'auto' in 0.22. Specify the multi_class option to silence this warning.\n  \"this warning.\", FutureWarning)\n"
     ]
    },
    {
     "data": {
      "text/plain": [
       "LogisticRegression(C=1.0, class_weight=None, dual=False, fit_intercept=True,\n          intercept_scaling=1, max_iter=100, multi_class='warn',\n          n_jobs=None, penalty='l2', random_state=None, solver='warn',\n          tol=0.0001, verbose=0, warm_start=False)"
      ]
     },
     "execution_count": 14,
     "metadata": {},
     "output_type": "execute_result"
    }
   ],
   "source": [
    "# 建立模型\n",
    "lr=LogisticRegression()\n",
    "lr.fit(x_train,y_train)"
   ]
  },
  {
   "cell_type": "code",
   "execution_count": 15,
   "metadata": {},
   "outputs": [
    {
     "name": "stdout",
     "output_type": "stream",
     "text": [
      "预测的结果 [0 1 0 2 0 1 2 0 0 1 2 1 1 2 1 2 2 1 1 0 0 2 2 1 0 1 1 2 0 0]\n实际的结果 [0 1 0 2 0 1 2 0 0 1 2 1 1 2 1 2 2 1 1 0 0 2 2 2 0 1 1 2 0 0]\n"
     ]
    }
   ],
   "source": [
    "# 查看预测结果\n",
    "\n",
    "result=lr.predict(x_test)\n",
    "\n",
    "print('预测的结果',result)\n",
    "\n",
    "print('实际的结果',y_test)"
   ]
  },
  {
   "cell_type": "code",
   "execution_count": 17,
   "metadata": {},
   "outputs": [
    {
     "name": "stdout",
     "output_type": "stream",
     "text": [
      "{'C': 1.0, 'class_weight': None, 'dual': False, 'fit_intercept': True, 'intercept_scaling': 1, 'max_iter': 100, 'multi_class': 'warn', 'n_jobs': None, 'penalty': 'l2', 'random_state': None, 'solver': 'warn', 'tol': 0.0001, 'verbose': 0, 'warm_start': False}\n在训练集上的准确度评分 0.9666666666666667\n在测试集上的准去维度评分 0.9666666666666667\n"
     ]
    }
   ],
   "source": [
    "# 查看默认参数 以及模型评分\n",
    "\n",
    "#默认参数\n",
    "params=lr.get_params()\n",
    "print(params)\n",
    "\n",
    "#模型评分 准确率\n",
    "s1=lr.score(x_train,y_train)\n",
    "s2=lr.score(x_test,y_test)\n",
    "\n",
    "print('在训练集上的准确度评分',s1)\n",
    "print('在测试集上的准去维度评分',s2)"
   ]
  },
  {
   "cell_type": "code",
   "execution_count": 18,
   "metadata": {},
   "outputs": [],
   "source": [
    "# 预测为某个类别的概率\n",
    "\n",
    "result=lr.predict_proba(x_test)"
   ]
  },
  {
   "cell_type": "code",
   "execution_count": 19,
   "metadata": {},
   "outputs": [
    {
     "data": {
      "text/plain": [
       "array([[8.76111610e-01, 1.23875234e-01, 1.31563615e-05],\n       [1.28292444e-02, 5.73764139e-01, 4.13406616e-01],\n       [9.03042526e-01, 9.68502324e-02, 1.07241332e-04],\n       [5.06029660e-04, 4.45674882e-01, 5.53819088e-01],\n       [8.57005613e-01, 1.42950517e-01, 4.38703070e-05],\n       [1.09214526e-02, 5.90194150e-01, 3.98884397e-01],\n       [1.94794781e-03, 3.09078692e-01, 6.88973361e-01],\n       [8.45203983e-01, 1.54695699e-01, 1.00317631e-04],\n       [8.21132705e-01, 1.78725581e-01, 1.41713610e-04],\n       [5.91139538e-02, 8.12876979e-01, 1.28009067e-01],\n       [8.39961500e-04, 1.57715604e-01, 8.41444435e-01],\n       [5.90358985e-02, 6.44471595e-01, 2.96492507e-01],\n       [1.37925123e-02, 6.65181401e-01, 3.21026087e-01],\n       [1.58941398e-03, 3.06844284e-01, 6.91566303e-01],\n       [4.50870279e-02, 8.18428051e-01, 1.36484921e-01],\n       [1.08831237e-03, 3.10044678e-01, 6.88867010e-01],\n       [8.57099924e-04, 3.08258042e-01, 6.90884858e-01],\n       [5.66174895e-02, 8.02526051e-01, 1.40856460e-01],\n       [3.67764251e-02, 8.20932106e-01, 1.42291469e-01],\n       [9.00668290e-01, 9.92984233e-02, 3.32869759e-05],\n       [9.14921315e-01, 8.50445805e-02, 3.41043153e-05],\n       [1.74140217e-03, 2.54878723e-01, 7.43379874e-01],\n       [6.34446268e-04, 3.49583214e-01, 6.49782339e-01],\n       [9.69773669e-04, 5.02468809e-01, 4.96561418e-01],\n       [9.13923288e-01, 8.60271514e-02, 4.95603626e-05],\n       [2.29985927e-02, 7.07017592e-01, 2.69983816e-01],\n       [4.08907028e-02, 6.74933168e-01, 2.84176129e-01],\n       [2.58351428e-04, 1.79674750e-01, 8.20066898e-01],\n       [8.77117801e-01, 1.22851112e-01, 3.10870767e-05],\n       [8.00691943e-01, 1.99240528e-01, 6.75292082e-05]])"
      ]
     },
     "execution_count": 19,
     "metadata": {},
     "output_type": "execute_result"
    }
   ],
   "source": [
    "result  # 一行数据有三个值，对应三种花的概率，概率最大即预测为该类别"
   ]
  },
  {
   "cell_type": "code",
   "execution_count": null,
   "metadata": {},
   "outputs": [],
   "source": []
  }
 ],
 "metadata": {
  "kernelspec": {
   "display_name": "Python 2",
   "language": "python",
   "name": "python2"
  },
  "language_info": {
   "codemirror_mode": {
    "name": "ipython",
    "version": 2
   },
   "file_extension": ".py",
   "mimetype": "text/x-python",
   "name": "python",
   "nbconvert_exporter": "python",
   "pygments_lexer": "ipython2",
   "version": "2.7.6"
  }
 },
 "nbformat": 4,
 "nbformat_minor": 0
}
